Matrix A:
 [[[0.88576801 0.91542383 0.16895761 0.2644475  0.79297115 0.13337411
   0.95732126]
  [0.97383334 0.945572   0.90746442 0.03545413 0.80493543 0.49790563
   0.9067039 ]
  [0.59198859 0.64808995 0.79773082 0.06622276 0.11689567 0.04903448
   0.62182265]
  [0.34508505 0.0972048  0.49956957 0.08246241 0.89263507 0.88946626
   0.02857221]
  [0.12128907 0.27854648 0.64112224 0.83934224 0.11842432 0.29698713
   0.1828946 ]]

 [[0.02347686 0.83710456 0.99911289 0.47736883 0.06686749 0.37310206
   0.62218651]
  [0.03749243 0.7760045  0.03219153 0.95209835 0.50837183 0.52567089
   0.72462424]
  [0.27216265 0.72581192 0.56568856 0.13465707 0.04805902 0.67449045
   0.07693683]
  [0.40837342 0.00128874 0.41052687 0.7115363  0.10640304 0.99568036
   0.54683942]
  [0.22325531 0.40818093 0.05038154 0.95078275 0.27331797 0.64684198
   0.69587522]]

 [[0.24688001 0.02647357 0.32133381 0.24565924 0.13327576 0.91465587
   0.05238384]
  [0.01963075 0.38615338 0.65995588 0.44820269 0.60616455 0.06437396
   0.09581014]
  [0.22589912 0.62356086 0.49901327 0.87472531 0.83307455 0.61824796
   0.15960027]
  [0.87440453 0.27775919 0.34930274 0.45066894 0.85184294 0.15686456
   0.36769339]
  [0.35540275 0.51012949 0.54775208 0.48945074 0.70793698 0.78328996
   0.45050527]]

 [[0.78127438 0.28837904 0.75605248 0.83269555 0.81619789 0.64043189
   0.54504008]
  [0.85500787 0.11799952 0.13726699 0.27040349 0.36199496 0.8970771
   0.17453232]
  [0.43577258 0.75251041 0.86463526 0.76327402 0.84380144 0.86391926
   0.08601797]
  [0.34200045 0.42284791 0.29270013 0.06543113 0.48150459 0.61021678
   0.8223792 ]
  [0.72200243 0.47097979 0.70101782 0.26980253 0.35135316 0.99774023
   0.93232799]]]

Q=0.573183792999281

Lowest values: {0.0012887447965609367: [1, 3, 1], 0.019630751793577428: [2, 1, 0], 0.023476862642737184: [1, 0, 0], 0.02647356846202631: [2, 0, 1], 0.028572213634764143: [0, 3, 6]}